3 0.000278924
3 3.586e-05
3 2.9247e-05
3 2.8426e-05
3 3.1691e-05
3 2.8655e-05
3 3.1451e-05
3 2.8265e-05
3 3.7353e-05
3 3.3325e-05
5 4.5418e-05
5 4.4637e-05
5 5.0278e-05
5 5.4085e-05
5 5.0117e-05
5 4.8124e-05
5 5.3354e-05
5 5.0138e-05
5 4.4807e-05
5 5.0118e-05
9 8.707e-05
9 9.207e-05
9 8.0207e-05
19 0.000184931
17 0.000175432
12 0.000126818
9 9.753e-05
10 9.4845e-05
13 0.000135394
9 8.6368e-05
15 0.000153059
29 0.000313061
99 0.00103501
44 0.000465328
26 0.00025617
89 0.000901337
19 0.000187436
18 0.000179961
154 0.0015653
36 0.000381343
115 0.00114466
871 0.00948715
