3 0.000307139
4 4.7382e-05
4 3.2513e-05
3 2.565e-05
5 5.2833e-05
4 3.1892e-05
4 4.612e-05
4 3.5289e-05
3 2.6362e-05
5 4.9457e-05
35 0.000359681
35 0.000324763
16 0.000141736
9 8.0617e-05
8 7.1679e-05
13 0.000117319
6 5.5679e-05
16 0.000141225
5 4.1501e-05
7 5.9166e-05
195 0.00191743
65 0.000616743
66 0.000605591
21 0.000194038
47 0.000638364
33 0.000339662
40 0.000374229
36 0.000350884
207 0.00202071
174 0.00167438
348 0.00345368
1128 0.0115943
2447 0.024993
531 0.00532995
1000 0.0101349
2198 0.0226064
312 0.0033826
23754 0.276803
31037 0.366439
3128 0.0328141
71108 0.883435
527419 7.01259
