6 0.000457506
10 8.8032e-05
10 8.5056e-05
6 4.3936e-05
15 0.000197384
10 0.000106759
10 0.000132478
10 0.000112008
6 7.2541e-05
15 0.000154902
52 0.000694914
52 0.000598106
40 0.000369941
39 0.000366675
26 0.000350524
37 0.000480146
44 0.000546936
40 0.000509413
39 0.000503752
49 0.000506177
730 0.00669457
832 0.00712767
585 0.00543225
763 0.00637812
743 0.00623271
865 0.00832218
877 0.00742948
858 0.00835346
1093 0.00948679
617 0.00675853
886 0.00891012
11575 0.101805
56746 0.554159
61381 0.59129
177669 1.76927
267216 2.68946
129438 1.26364
206195 2.00597
264357 2.64401
277922 2.76294
3632815 42.4602
10937780 130.738